1111111111111111111111111111111111111111
1000000000000000000110000000000000000001
1000000000000000000110000000000000000001
1111111100000000000111111111000000000001
1000000000000000000110000000000000000001
1000000000000000000000000000000000000001
1000000000000000000000000000000000000001
1000000000000000000000000000000000000001
1000000000000000000000000000000000000001
1000000000001111111110000000000011111111
1000000000000000000110000000000000000001
1000000000001111111110000000000011111111
1000000000000000000110000000000000000001
1000000000000000000110000000000000000001
1111111101001111011111111111010011110111
1000000001001000000110000000010010000001
1000000001001000000110000000010010000001
1000000001001000000110000000010010000001
1000000001001000000110000000010010000001
1111111111111111111111111111111111111111
